p min 255 635
n 2 1
n 24 1
n 254 -1
n 255 -1
a 1 2 0 1 17
a 2 3 0 1 17
a 3 4 0 1 17
a 4 5 0 1 17
a 5 6 0 1 17
a 6 7 0 1 17
a 7 8 0 1 17
a 8 9 0 1 17
a 9 10 0 1 17
a 10 11 0 1 17
a 11 12 0 1 17
a 12 1 0 1 17
a 23 13 0 1 17
a 13 14 0 1 17
a 14 15 0 1 17
a 15 16 0 1 17
a 16 17 0 1 17
a 17 18 0 1 17
a 18 19 0 1 17
a 19 20 0 1 17
a 20 21 0 1 17
a 21 22 0 1 17
a 22 23 0 1 17
a 2 22 0 1 17
a 21 3 0 1 17
a 23 1 0 1 17
a 4 20 0 1 17
a 19 5 0 1 17
a 6 18 0 1 17
a 7 18 0 1 17
a 17 8 0 1 17
a 9 16 0 1 17
a 15 10 0 1 17
a 11 14 0 1 17
a 13 12 0 1 17
a 24 25 0 1 17
a 25 26 0 1 17
a 26 27 0 1 17
a 27 28 0 1 17
a 28 29 0 1 17
a 29 30 0 1 17
a 30 31 0 1 17
a 31 32 0 1 17
a 32 33 0 1 17
a 33 34 0 1 17
a 34 35 0 1 17
a 35 24 0 1 17
a 46 36 0 1 17
a 36 37 0 1 17
a 37 38 0 1 17
a 38 39 0 1 17
a 39 40 0 1 17
a 40 41 0 1 17
a 41 42 0 1 17
a 42 43 0 1 17
a 43 44 0 1 17
a 44 45 0 1 17
a 45 46 0 1 17
a 25 45 0 1 17
a 44 26 0 1 17
a 46 24 0 1 17
a 27 43 0 1 17
a 42 28 0 1 17
a 29 41 0 1 17
a 30 41 0 1 17
a 40 31 0 1 17
a 32 39 0 1 17
a 38 33 0 1 17
a 34 37 0 1 17
a 36 35 0 1 17
a 47 48 0 1 17
a 48 49 0 1 17
a 49 50 0 1 17
a 50 51 0 1 17
a 51 52 0 1 17
a 52 53 0 1 17
a 53 54 0 1 17
a 54 55 0 1 17
a 55 56 0 1 17
a 56 57 0 1 17
a 57 58 0 1 17
a 58 47 0 1 17
a 69 59 0 1 17
a 59 60 0 1 17
a 60 61 0 1 17
a 61 62 0 1 17
a 62 63 0 1 17
a 63 64 0 1 17
a 64 65 0 1 17
a 65 66 0 1 17
a 66 67 0 1 17
a 67 68 0 1 17
a 68 69 0 1 17
a 48 68 0 1 17
a 67 49 0 1 17
a 69 47 0 1 17
a 50 66 0 1 17
a 65 51 0 1 17
a 52 64 0 1 17
a 53 64 0 1 17
a 63 54 0 1 17
a 55 62 0 1 17
a 61 56 0 1 17
a 57 60 0 1 17
a 59 58 0 1 17
a 70 71 0 1 17
a 71 72 0 1 17
a 72 73 0 1 17
a 73 74 0 1 17
a 74 75 0 1 17
a 75 76 0 1 17
a 76 77 0 1 17
a 77 78 0 1 17
a 78 79 0 1 17
a 79 80 0 1 17
a 80 81 0 1 17
a 81 70 0 1 17
a 92 82 0 1 17
a 82 83 0 1 17
a 83 84 0 1 17
a 84 85 0 1 17
a 85 86 0 1 17
a 86 87 0 1 17
a 87 88 0 1 17
a 88 89 0 1 17
a 89 90 0 1 17
a 90 91 0 1 17
a 91 92 0 1 17
a 71 91 0 1 17
a 90 72 0 1 17
a 92 70 0 1 17
a 73 89 0 1 17
a 88 74 0 1 17
a 75 87 0 1 17
a 76 87 0 1 17
a 86 77 0 1 17
a 78 85 0 1 17
a 84 79 0 1 17
a 80 83 0 1 17
a 82 81 0 1 17
a 93 94 0 1 17
a 94 95 0 1 17
a 95 96 0 1 17
a 96 97 0 1 17
a 97 98 0 1 17
a 98 99 0 1 17
a 99 100 0 1 17
a 100 101 0 1 17
a 101 102 0 1 17
a 102 103 0 1 17
a 103 104 0 1 17
a 104 93 0 1 17
a 115 105 0 1 17
a 105 106 0 1 17
a 106 107 0 1 17
a 107 108 0 1 17
a 108 109 0 1 17
a 109 110 0 1 17
a 110 111 0 1 17
a 111 112 0 1 17
a 112 113 0 1 17
a 113 114 0 1 17
a 114 115 0 1 17
a 94 114 0 1 17
a 113 95 0 1 17
a 115 93 0 1 17
a 96 112 0 1 17
a 111 97 0 1 17
a 98 110 0 1 17
a 99 110 0 1 17
a 109 100 0 1 17
a 101 108 0 1 17
a 107 102 0 1 17
a 103 106 0 1 17
a 105 104 0 1 17
a 116 117 0 1 17
a 117 118 0 1 17
a 118 119 0 1 17
a 119 120 0 1 17
a 120 121 0 1 17
a 121 122 0 1 17
a 122 123 0 1 17
a 123 124 0 1 17
a 124 125 0 1 17
a 125 126 0 1 17
a 126 127 0 1 17
a 127 116 0 1 17
a 138 128 0 1 17
a 128 129 0 1 17
a 129 130 0 1 17
a 130 131 0 1 17
a 131 132 0 1 17
a 132 133 0 1 17
a 133 134 0 1 17
a 134 135 0 1 17
a 135 136 0 1 17
a 136 137 0 1 17
a 137 138 0 1 17
a 117 137 0 1 17
a 136 118 0 1 17
a 138 116 0 1 17
a 119 135 0 1 17
a 134 120 0 1 17
a 121 133 0 1 17
a 122 133 0 1 17
a 132 123 0 1 17
a 124 131 0 1 17
a 130 125 0 1 17
a 126 129 0 1 17
a 128 127 0 1 17
a 139 140 0 1 17
a 140 141 0 1 17
a 141 142 0 1 17
a 142 143 0 1 17
a 143 144 0 1 17
a 144 145 0 1 17
a 145 146 0 1 17
a 146 147 0 1 17
a 147 148 0 1 17
a 148 149 0 1 17
a 149 150 0 1 17
a 150 139 0 1 17
a 161 151 0 1 17
a 151 152 0 1 17
a 152 153 0 1 17
a 153 154 0 1 17
a 154 155 0 1 17
a 155 156 0 1 17
a 156 157 0 1 17
a 157 158 0 1 17
a 158 159 0 1 17
a 159 160 0 1 17
a 160 161 0 1 17
a 140 160 0 1 17
a 159 141 0 1 17
a 161 139 0 1 17
a 142 158 0 1 17
a 157 143 0 1 17
a 144 156 0 1 17
a 145 156 0 1 17
a 155 146 0 1 17
a 147 154 0 1 17
a 153 148 0 1 17
a 149 152 0 1 17
a 151 150 0 1 17
a 162 163 0 1 17
a 163 164 0 1 17
a 164 165 0 1 17
a 165 166 0 1 17
a 166 167 0 1 17
a 167 168 0 1 17
a 168 169 0 1 17
a 169 170 0 1 17
a 170 171 0 1 17
a 171 172 0 1 17
a 172 173 0 1 17
a 173 162 0 1 17
a 184 174 0 1 17
a 174 175 0 1 17
a 175 176 0 1 17
a 176 177 0 1 17
a 177 178 0 1 17
a 178 179 0 1 17
a 179 180 0 1 17
a 180 181 0 1 17
a 181 182 0 1 17
a 182 183 0 1 17
a 183 184 0 1 17
a 163 183 0 1 17
a 182 164 0 1 17
a 184 162 0 1 17
a 165 181 0 1 17
a 180 166 0 1 17
a 167 179 0 1 17
a 168 179 0 1 17
a 178 169 0 1 17
a 170 177 0 1 17
a 176 171 0 1 17
a 172 175 0 1 17
a 174 173 0 1 17
a 185 186 0 1 17
a 186 187 0 1 17
a 187 188 0 1 17
a 188 189 0 1 17
a 189 190 0 1 17
a 190 191 0 1 17
a 191 192 0 1 17
a 192 193 0 1 17
a 193 194 0 1 17
a 194 195 0 1 17
a 195 196 0 1 17
a 196 185 0 1 17
a 207 197 0 1 17
a 197 198 0 1 17
a 198 199 0 1 17
a 199 200 0 1 17
a 200 201 0 1 17
a 201 202 0 1 17
a 202 203 0 1 17
a 203 204 0 1 17
a 204 205 0 1 17
a 205 206 0 1 17
a 206 207 0 1 17
a 186 206 0 1 17
a 205 187 0 1 17
a 207 185 0 1 17
a 188 204 0 1 17
a 203 189 0 1 17
a 190 202 0 1 17
a 191 202 0 1 17
a 201 192 0 1 17
a 193 200 0 1 17
a 199 194 0 1 17
a 195 198 0 1 17
a 197 196 0 1 17
a 208 209 0 1 17
a 209 210 0 1 17
a 210 211 0 1 17
a 211 212 0 1 17
a 212 213 0 1 17
a 213 214 0 1 17
a 214 215 0 1 17
a 215 216 0 1 17
a 216 217 0 1 17
a 217 218 0 1 17
a 218 219 0 1 17
a 219 208 0 1 17
a 230 220 0 1 17
a 220 221 0 1 17
a 221 222 0 1 17
a 222 223 0 1 17
a 223 224 0 1 17
a 224 225 0 1 17
a 225 226 0 1 17
a 226 227 0 1 17
a 227 228 0 1 17
a 228 229 0 1 17
a 229 230 0 1 17
a 209 229 0 1 17
a 228 210 0 1 17
a 230 208 0 1 17
a 211 227 0 1 17
a 226 212 0 1 17
a 213 225 0 1 17
a 214 225 0 1 17
a 224 215 0 1 17
a 216 223 0 1 17
a 222 217 0 1 17
a 218 221 0 1 17
a 220 219 0 1 17
a 231 232 0 1 17
a 232 233 0 1 17
a 233 234 0 1 17
a 234 235 0 1 17
a 235 236 0 1 17
a 236 237 0 1 17
a 237 238 0 1 17
a 238 239 0 1 17
a 239 240 0 1 17
a 240 241 0 1 17
a 241 242 0 1 17
a 242 231 0 1 17
a 253 243 0 1 17
a 243 244 0 1 17
a 244 245 0 1 17
a 245 246 0 1 17
a 246 247 0 1 17
a 247 248 0 1 17
a 248 249 0 1 17
a 249 250 0 1 17
a 250 251 0 1 17
a 251 252 0 1 17
a 252 253 0 1 17
a 232 252 0 1 17
a 251 233 0 1 17
a 253 231 0 1 17
a 234 250 0 1 17
a 249 235 0 1 17
a 236 248 0 1 17
a 237 248 0 1 17
a 247 238 0 1 17
a 239 246 0 1 17
a 245 240 0 1 17
a 241 244 0 1 17
a 243 242 0 1 17
a 1 24 0 1 10
a 24 47 0 1 10
a 47 70 0 1 10
a 70 93 0 1 10
a 93 116 0 1 10
a 116 139 0 1 10
a 139 162 0 1 10
a 162 185 0 1 10
a 185 208 0 1 10
a 208 231 0 1 10
a 2 25 0 1 10
a 25 48 0 1 10
a 48 71 0 1 10
a 71 94 0 1 10
a 94 117 0 1 10
a 117 140 0 1 10
a 140 163 0 1 10
a 163 186 0 1 10
a 186 209 0 1 10
a 209 232 0 1 10
a 3 26 0 1 10
a 26 49 0 1 10
a 49 72 0 1 10
a 72 95 0 1 10
a 95 118 0 1 10
a 118 141 0 1 10
a 141 164 0 1 10
a 164 187 0 1 10
a 187 210 0 1 10
a 210 233 0 1 10
a 4 27 0 1 10
a 27 50 0 1 10
a 50 73 0 1 10
a 73 96 0 1 10
a 96 119 0 1 10
a 119 142 0 1 10
a 142 165 0 1 10
a 165 188 0 1 10
a 188 211 0 1 10
a 211 234 0 1 10
a 5 28 0 1 10
a 28 51 0 1 10
a 51 74 0 1 10
a 74 97 0 1 10
a 97 120 0 1 10
a 120 143 0 1 10
a 143 166 0 1 10
a 166 189 0 1 10
a 189 212 0 1 10
a 212 235 0 1 10
a 6 29 0 1 10
a 29 52 0 1 10
a 52 75 0 1 10
a 75 98 0 1 10
a 98 121 0 1 10
a 121 144 0 1 10
a 144 167 0 1 10
a 167 190 0 1 10
a 190 213 0 1 10
a 213 236 0 1 10
a 7 30 0 1 10
a 30 53 0 1 10
a 53 76 0 1 10
a 76 99 0 1 10
a 99 122 0 1 10
a 122 145 0 1 10
a 145 168 0 1 10
a 168 191 0 1 10
a 191 214 0 1 10
a 214 237 0 1 10
a 8 31 0 1 10
a 31 54 0 1 10
a 54 77 0 1 10
a 77 100 0 1 10
a 100 123 0 1 10
a 123 146 0 1 10
a 146 169 0 1 10
a 169 192 0 1 10
a 192 215 0 1 10
a 215 238 0 1 10
a 9 32 0 1 10
a 32 55 0 1 10
a 55 78 0 1 10
a 78 101 0 1 10
a 101 124 0 1 10
a 124 147 0 1 10
a 147 170 0 1 10
a 170 193 0 1 10
a 193 216 0 1 10
a 216 239 0 1 10
a 10 33 0 1 10
a 33 56 0 1 10
a 56 79 0 1 10
a 79 102 0 1 10
a 102 125 0 1 10
a 125 148 0 1 10
a 148 171 0 1 10
a 171 194 0 1 10
a 194 217 0 1 10
a 217 240 0 1 10
a 11 34 0 1 10
a 34 57 0 1 10
a 57 80 0 1 10
a 80 103 0 1 10
a 103 126 0 1 10
a 126 149 0 1 10
a 149 172 0 1 10
a 172 195 0 1 10
a 195 218 0 1 10
a 218 241 0 1 10
a 12 35 0 1 10
a 35 58 0 1 10
a 58 81 0 1 10
a 81 104 0 1 10
a 104 127 0 1 10
a 127 150 0 1 10
a 150 173 0 1 10
a 173 196 0 1 10
a 196 219 0 1 10
a 219 242 0 1 10
a 13 36 0 1 10
a 36 59 0 1 10
a 59 82 0 1 10
a 82 105 0 1 10
a 105 128 0 1 10
a 128 151 0 1 10
a 151 174 0 1 10
a 174 197 0 1 10
a 197 220 0 1 10
a 220 243 0 1 10
a 14 37 0 1 10
a 37 60 0 1 10
a 60 83 0 1 10
a 83 106 0 1 10
a 106 129 0 1 10
a 129 152 0 1 10
a 152 175 0 1 10
a 175 198 0 1 10
a 198 221 0 1 10
a 221 244 0 1 10
a 15 38 0 1 10
a 38 61 0 1 10
a 61 84 0 1 10
a 84 107 0 1 10
a 107 130 0 1 10
a 130 153 0 1 10
a 153 176 0 1 10
a 176 199 0 1 10
a 199 222 0 1 10
a 222 245 0 1 10
a 16 39 0 1 10
a 39 62 0 1 10
a 62 85 0 1 10
a 85 108 0 1 10
a 108 131 0 1 10
a 131 154 0 1 10
a 154 177 0 1 10
a 177 200 0 1 10
a 200 223 0 1 10
a 223 246 0 1 10
a 17 40 0 1 10
a 40 63 0 1 10
a 63 86 0 1 10
a 86 109 0 1 10
a 109 132 0 1 10
a 132 155 0 1 10
a 155 178 0 1 10
a 178 201 0 1 10
a 201 224 0 1 10
a 224 247 0 1 10
a 18 41 0 1 10
a 41 64 0 1 10
a 64 87 0 1 10
a 87 110 0 1 10
a 110 133 0 1 10
a 133 156 0 1 10
a 156 179 0 1 10
a 179 202 0 1 10
a 202 225 0 1 10
a 225 248 0 1 10
a 19 42 0 1 10
a 42 65 0 1 10
a 65 88 0 1 10
a 88 111 0 1 10
a 111 134 0 1 10
a 134 157 0 1 10
a 157 180 0 1 10
a 180 203 0 1 10
a 203 226 0 1 10
a 226 249 0 1 10
a 20 43 0 1 10
a 43 66 0 1 10
a 66 89 0 1 10
a 89 112 0 1 10
a 112 135 0 1 10
a 135 158 0 1 10
a 158 181 0 1 10
a 181 204 0 1 10
a 204 227 0 1 10
a 227 250 0 1 10
a 21 44 0 1 10
a 44 67 0 1 10
a 67 90 0 1 10
a 90 113 0 1 10
a 113 136 0 1 10
a 136 159 0 1 10
a 159 182 0 1 10
a 182 205 0 1 10
a 205 228 0 1 10
a 228 251 0 1 10
a 22 45 0 1 10
a 45 68 0 1 10
a 68 91 0 1 10
a 91 114 0 1 10
a 114 137 0 1 10
a 137 160 0 1 10
a 160 183 0 1 10
a 183 206 0 1 10
a 206 229 0 1 10
a 229 252 0 1 10
a 23 46 0 1 10
a 46 69 0 1 10
a 69 92 0 1 10
a 92 115 0 1 10
a 115 138 0 1 10
a 138 161 0 1 10
a 161 184 0 1 10
a 184 207 0 1 10
a 207 230 0 1 10
a 230 253 0 1 10
a 16 254 0 1 70
a 39 254 0 1 60
a 62 254 0 1 50
a 85 254 0 1 40
a 108 254 0 1 30
a 131 254 0 1 20
a 154 254 0 1 10
a 177 254 0 1 0
a 200 254 0 1 0
a 223 254 0 1 10
a 17 255 0 1 70
a 40 255 0 1 60
a 63 255 0 1 50
a 86 255 0 1 40
a 109 255 0 1 30
a 132 255 0 1 20
a 155 255 0 1 10
a 178 255 0 1 0
a 201 255 0 1 0
a 224 255 0 1 10